Numbers to input: [1, 1, 1, 1, 1, 1, 1, 1, 1, 1]
[1, 1, 1, 1, 1, 1, 1, 1, 1, 1]
[1, 1, 1, 1, 1, 1, 1, 1, 1]
[1, 1, 1, 1, 1, 1, 1, 1]
[1, 1, 1, 1, 1, 1, 1]
[1, 1, 1, 1, 1, 1]
[1, 1, 1, 1, 1]
[1, 1, 1, 1]
[1, 1, 1]
[1, 1]
[1]
[]
The time stamp is: 11
The oldest number is: 1
Ordered pair is: (10,11)


Numbers to input: [1, 2, 3, 4, 5, 6, 7, 8, 9, 10]
[1, 2, 3, 4, 5, 6, 7, 8, 9, 10]
[2, 4, 3, 8, 5, 6, 7, 10, 9]
[3, 4, 6, 8, 5, 9, 7, 10]
[4, 5, 6, 8, 10, 9, 7]
[5, 7, 6, 8, 10, 9]
[6, 7, 9, 8, 10]
[7, 8, 9, 10]
[8, 10, 9]
[9, 10]
[10]
[]
The time stamp is: 10
The oldest number is: 10
Ordered pair is: (10,10)


Numbers to input: [10, 9, 8, 7, 6, 5, 4, 3, 2, 1]
[1, 2, 5, 4, 3, 9, 6, 10, 7, 8]
[2, 3, 5, 4, 8, 9, 6, 10, 7]
[3, 4, 5, 7, 8, 9, 6, 10]
[4, 7, 5, 10, 8, 9, 6]
[5, 7, 6, 10, 8, 9]
[6, 7, 9, 10, 8]
[7, 8, 9, 10]
[8, 10, 9]
[9, 10]
[10]
[]
The time stamp is: 10
The oldest number is: 10
Ordered pair is: (10,10)

